1779
825
625
652
9140
932
10453
12092
2392
1269
43468
1311
699
2790
6739
11243
5209
3274
1260
7967
1269
16238
6932
1103
78254
667
1854
42794
36048
790
95476
747
221846
4511
4187
29236
2059
24210
1615
2986
1261
2486
4780
308227
2171
1911
24577
42809
2437
167
7720
2879
2884
1324
2571
33065
12008
42203
1593
381144
2932
155
15879
4384
3619
4088
241827
3563
25031
2985
1792
5457
3157
824
73276
32232
1008
7642
1761
1028
4061
1266
1222
4888
2615
1019
8073
4558
13099
1435
2033
20117
3126
2857
3411
1311
4168
2612
4287
749
3995
4384
979
3355
2302
49529
29794
8162
2436
29704
5920
2808
1100
1505
3658
1217
3448
497
1984
1671
59124
31244
462
2661
1254
11784
2385
1182
6318
2114
561
2061
1387
1487
2376
8708
5322
2939
1550
952
11578
1410
2044
2801
4201
5769
12682
4211
1469
4730
2687
639
689
2411
10670
862
2160
2075
2395

