1719
797
604
630
8829
900
10098
11681
2311
1226
41990
1266
675
2695
6510
10861
5032
3163
1217
7696
1226
15686
6696
1065
75593
644
1791
41339
34822
763
92230
722
214303
4358
4045
28242
1989
23387
1560
2884
1218
2401
4617
297747
2097
1846
23741
41353
2354
161
7458
2781
2786
1279
2484
31941
11600
40768
1539
368185
2832
150
15339
4235
3496
3949
233605
3442
24180
2884
1731
5271
3050
796
70785
31136
974
7382
1701
993
3923
1223
1180
4722
2526
984
7799
4403
12654
1386
1964
19433
3020
2760
3295
1266
4026
2523
4141
724
3859
4235
946
3241
2224
47845
28781
7884
2353
28694
5719
2713
1063
1454
3534
1176
3331
480
1917
1614
57114
30182
446
2571
1211
11383
2304
1142
6103
2042
542
1991
1340
1436
2295
8412
5141
2839
1497
920
11184
1362
1975
2706
4058
5573
12251
4068
1419
4569
2596
617
666
2329
10307
833
2087
2004
2314
