5214
857
1405
6103
323
4095
502
1662
1101
34054
2711
1275
693
2680
4964
1094860
1353
700
13901
1297
1324
155284
1218
295
2094
1235
960
3211
4166
446
818
5478
545
1453
285
784
6025
1701
7902
628
3006
1820
3031
776
70411
12885
16902
6849
116211
13274
876
3755
2732
2250
12459
4543
34360
2967
1215
1368
1058
3592
41298
24585
1234
2086
3759
2380
3190
1006
5468
25851
1672
1797
960
255
653
779
2336
1076
21937
1747
27785
730
363
1554
41266
510
5276
14050
1631
6819
782
2029
984
712
959
7495
103191
5828
37841
3459
793
33
304
725
52
572
49
268
117
3088
450
188
142
552
696
39855
220
162
1686
293
246
13827
223
62
437
192
219
367
530
50
111
774
77
236
31
107
844
376
734
123
389
278
340
124
6311
1353
1817
753
9042
1561
132
609
528
365
1257
634
3717
372
181
218
132
431
4877
3298
211
323
504
407
455
162
787
2530
236
379
175
42
37
92
333
160
2048
243
3065
105
46
253
2840
101
636
2281
149
745
119
244
196
130
139
873
8030
677
3440
640
169
10
46
224
7
134
18
67
35
1221
101
33
33
85
195
22064
46
32
510
41
61
4325
33
8
68
39
59
124
162
14
26
219
16
43
12
13
136
102
441
18
107
64
79
39
1967
399
504
189
2595
441
28
154
85
88
312
168
1248
111
53
37
29
143
1464
820
50
56
136
87
128
30
187
737
77
56
27
12
14
24
92
55
498
52
980
28
15
37
1000
22
170
564
86
201
29
62
51
37
23
221
2639
269
1157
145
25707
1920
5715
15614
1977
11548
1989
5377
3807
51486
12084
6329
5430
13978
15769
999616
7042
4628
26693
5848
6468
248325
6341
2950
14863
8065
5066
14865
10786
2182
4598
16511
3508
7249
1809
2583
17294
10779
15130
4337
13349
8769
7749
5091
119898
32042
34039
14416
170147
33903
5010
10744
11788
9458
33491
16847
89062
13490
4469
4824
5421
8762
94111
50793
4938
5970
14707
9987
10858
5020
17394
49385
7792
6688
6302
1824
2008
2190
11326
6348
38561
9241
64976
2931
2167
9100
75161
2078
13955
46685
6671
22754
4485
5378
6152
7382
6170
16672
186494
24770
75666
15211
