6526
2300
4018
897
8903
7795
26804
37674
4110
6419
26585
4328
6991
4260
14244
18386
5400
8406
923
15251
3133
37476
25167
3419
53237
880
8064
99587
14446
637
15813
2105
165459
10578
11777
50013
4900
51501
4428
4987
6066
13398
6758
58373
5843
2159
10454
25451
2722
1256
23358
6226
6551
2888
12169
37952
29123
85122
9069
137240
13429
1403
25616
19405
7034
7068
166413
16637
64170
1159
12331
14319
9464
4516
48187
41534
3134
29497
5822
4695
3537
2161
2850
9965
6330
2509
14493
12007
7959
3179
3528
25691
12163
1783
11326
2275
6169
4016
6524
2066
4935
11060
2960
8230
12943
30049
23869
16595
5593
54525
6502
14075
7899
9127
13589
2805
8291
604
7474
1391
26781
13012
1800
3916
2611
18057
9368
801
5732
1392
360
6053
2418
2825
2004
12954
10784
7872
6384
2101
18143
2349
2370
12651
8608
23174
37842
9865
1166
4663
9987
748
1583
12222
25636
2403
2823
2664
6830

