6587
2329
4040
919
9221
7830
27182
38109
4193
6464
28088
4375
7017
4357
14485
18783
5580
8520
966
15538
3177
38054
25420
3458
55964
904
8131
101125
15701
664
19095
2130
173221
10735
11923
51052
4973
52361
4485
5091
6113
13490
6924
68996
5919
2225
11300
26935
2806
1263
23637
6326
6651
2934
12260
39109
29549
86624
9127
150412
13535
1408
26173
19562
7159
7210
174826
16766
65066
1261
12396
14512
9575
4546
50721
42666
3169
29775
5884
4732
3676
2205
2893
10135
6422
2546
14773
12167
8415
3229
3600
26394
12277
1881
11449
2321
6315
4107
6672
2092
5072
11214
2994
8348
13026
31766
24902
16887
5679
55574
6707
14178
7938
9181
13718
2847
8412
621
7545
1448
28829
14089
1816
4008
2655
18467
9453
841
5950
1465
379
6125
2466
2877
2086
13256
10971
7976
6439
2134
18548
2398
2440
12750
8754
23384
38292
10012
1217
4826
10082
770
1606
12310
26014
2433
2898
2736
6913
